1.000000000000000021e-02 0.000000000000000000e+00 0.000000000000000000e+00
1.000000000000000056e-01 2.054839443113265133e+03 1.027167686787341154e+03
2.000000000000000042e-02 0.000000000000000000e+00 0.000000000000000000e+00
2.000000000000000111e-01 4.379891799622553663e+03 1.004290625109776215e+03
2.999999999999999889e-02 2.403207231661727292e+03 2.402517744563427641e+03
2.999999999999999889e-01 6.966539499947127297e+03 1.049371630522695341e+03
4.000000000000000083e-02 0.000000000000000000e+00 0.000000000000000000e+00
4.000000000000000222e-01 9.354268559742007710e+03 1.093611166145894458e+03
5.000000000000000278e-02 4.404616408818496893e+03 2.541669100575724769e+03
5.000000000000000000e-01 9.126874549409683823e+03 1.006796044819076997e+03
5.999999999999999778e-02 2.248411274710891121e+03 1.589440106623803558e+03
5.999999999999999778e-01 1.072346632945436977e+04 1.045162754443432050e+03
7.000000000000000666e-02 3.576341690319223289e+03 1.787407322133702110e+03
6.999999999999999556e-01 1.218031182472700311e+04 1.075031212194621958e+03
8.000000000000000167e-02 1.458746371160156968e+03 1.031309827315637676e+03
8.000000000000000444e-01 1.435408178804957060e+04 1.132843795579961352e+03
8.999999999999999667e-02 1.829698691665575325e+03 1.056146289795127132e+03
9.000000000000000222e-01 1.598214341752391738e+04 1.172786772484648282e+03
1.000000000000000000e+00 1.568456291199155748e+04 1.147892803794684369e+03
1.100000000000000089e+00 1.846764502247399651e+04 1.228459316004882794e+03
1.199999999999999956e+00 1.906097047276110607e+04 1.240568358672263003e+03
1.300000000000000044e+00 2.115630946859795222e+04 1.293896591793503148e+03
1.399999999999999911e+00 2.198964568567521201e+04 1.315385002801527889e+03
1.500000000000000000e+00 2.427272525734534065e+04 1.383553211853495895e+03
1.600000000000000089e+00 2.871249523646961825e+04 1.499776903852003215e+03
1.699999999999999956e+00 2.848110030603828636e+04 1.500146748303103550e+03
1.800000000000000044e+00 2.895111578767340689e+04 1.510124783845792308e+03
1.899999999999999911e+00 2.935476324094731535e+04 1.518673855576089181e+03
2.000000000000000000e+00 3.409517278825902758e+04 1.637509916198170686e+03
2.100000000000000089e+00 3.316753751848288084e+04 1.615841793093658907e+03
2.200000000000000178e+00 3.820780318082388112e+04 1.739595738732868767e+03
2.299999999999999822e+00 3.711343784965648229e+04 1.713452900608737764e+03
2.399999999999999911e+00 3.952668187981133815e+04 1.768190135481329662e+03
2.500000000000000000e+00 4.164683096860333899e+04 1.817232556286854333e+03
2.600000000000000089e+00 4.236623045624081715e+04 1.836145385189917079e+03
2.700000000000000178e+00 4.286973128688756697e+04 1.845637100909396395e+03
2.799999999999999822e+00 4.604758823121542810e+04 1.921464619940908278e+03
2.899999999999999911e+00 4.555062716635649849e+04 1.912663847032101330e+03
3.000000000000000000e+00 4.515009834252179280e+04 1.906158097584803272e+03
3.100000000000000089e+00 5.076229798024984484e+04 2.026272415977803348e+03
3.200000000000000178e+00 5.025197209116955491e+04 2.022401476067448812e+03
3.299999999999999822e+00 5.136130011576534162e+04 2.045092484148505264e+03
3.399999999999999911e+00 5.165760557323513785e+04 2.048612723807386374e+03
3.500000000000000000e+00 5.614534050659654167e+04 2.141749191024141510e+03
3.600000000000000089e+00 5.448279942478339217e+04 2.111707719672075655e+03
3.700000000000000178e+00 5.946442037132727273e+04 2.208001877877309653e+03
3.799999999999999822e+00 6.515970225505407871e+04 2.316359320811683574e+03
3.899999999999999911e+00 6.185994779445612949e+04 2.260219556790422757e+03
4.000000000000000000e+00 6.092118123033222219e+04 2.238337316706596994e+03
4.099999999999999645e+00 6.371676151627517538e+04 2.293603992563345855e+03
4.200000000000000178e+00 6.791673875508214405e+04 2.375741227873477328e+03
4.299999999999999822e+00 6.590372210601107508e+04 2.333627312022755632e+03
4.400000000000000355e+00 6.844096266010279942e+04 2.387993491213334892e+03
4.500000000000000000e+00 6.790852186091299518e+04 2.375456167546698907e+03
4.599999999999999645e+00 6.931006780334177893e+04 2.397382422926893923e+03
4.700000000000000178e+00 7.135580654993586359e+04 2.443860149492378696e+03
4.799999999999999822e+00 7.599653756383148720e+04 2.514326895358661204e+03
4.900000000000000355e+00 7.101237627356257872e+04 2.442421894911692107e+03
5.000000000000000000e+00 7.971170211019516864e+04 2.583310203360677406e+03
5.099999999999999645e+00 8.040200564970193955e+04 2.599901503595485792e+03
5.200000000000000178e+00 7.784175568837724859e+04 2.552136770014447848e+03
5.299999999999999822e+00 8.630737228375171253e+04 2.696972445021359817e+03
5.400000000000000355e+00 8.552224022374373453e+04 2.679380750995924700e+03
5.500000000000000000e+00 8.335601323444393347e+04 2.651003427549356729e+03
5.599999999999999645e+00 8.334833272910480446e+04 2.648030304234816867e+03
5.700000000000000178e+00 8.583444923636662134e+04 2.694464988633837947e+03
5.799999999999999822e+00 9.132197403337177821e+04 2.779436935342841934e+03
5.900000000000000355e+00 8.722691857958890614e+04 2.714596949388829216e+03
6.000000000000000000e+00 9.019276959605107550e+04 2.758539507730912646e+03
6.099999999999999645e+00 8.982314980966312578e+04 2.751306887181325237e+03
6.200000000000000178e+00 8.774953037293025409e+04 2.721282604713228466e+03
6.299999999999999822e+00 9.462095394476150977e+04 2.825664767619081431e+03
6.400000000000000355e+00 1.004931079221629625e+05 2.904970830807621041e+03
6.500000000000000000e+00 9.883042672666288854e+04 2.883528017001921398e+03
6.599999999999999645e+00 9.700029235196964873e+04 2.859579971462458616e+03
6.700000000000000178e+00 9.937274059627861425e+04 2.896634320357039087e+03
6.799999999999999822e+00 9.696193676000981941e+04 2.859735048550425745e+03
6.900000000000000355e+00 1.018757593853395229e+05 2.925714574989950052e+03
7.000000000000000000e+00 1.088804193207230564e+05 3.024830773389136994e+03
7.099999999999999645e+00 1.101696360520203452e+05 3.051711340473100790e+03
7.200000000000000178e+00 1.043356575450865348e+05 2.971688288245696185e+03
7.299999999999999822e+00 1.115837970395584125e+05 3.060349606308007878e+03
7.400000000000000355e+00 1.090229499805563100e+05 3.035963170045704828e+03
7.500000000000000000e+00 1.063800468036780512e+05 2.998140002660980372e+03
7.599999999999999645e+00 1.140105384306396300e+05 3.089191406582900981e+03
7.700000000000000178e+00 1.130393844096733228e+05 3.088994133987427631e+03
7.799999999999999822e+00 1.156254347642818320e+05 3.127609855726345359e+03
7.900000000000000355e+00 1.099485949173443514e+05 3.045671002944762677e+03
8.000000000000000000e+00 1.101196887566040969e+05 3.046747241919183580e+03
8.099999999999999645e+00 1.147554344597944728e+05 3.111439783535975039e+03
8.199999999999999289e+00 1.162107427414857812e+05 3.130288433379297658e+03
8.300000000000000711e+00 1.209096029171433038e+05 3.189024675981675500e+03
8.400000000000000355e+00 1.227262389021674899e+05 3.211013327357346952e+03
8.500000000000000000e+00 1.217167901581088372e+05 3.199698296362769725e+03
8.599999999999999645e+00 1.148979277114503493e+05 3.125899270595261896e+03
8.699999999999999289e+00 1.301282256280656293e+05 3.310607882111479285e+03
8.800000000000000711e+00 1.362102729955314135e+05 3.375911666156361207e+03
8.900000000000000355e+00 1.273515925302650139e+05 3.275163889862458291e+03
9.099999999999999645e+00 1.276911824093730829e+05 3.273726419560617160e+03
9.199999999999999289e+00 1.301841580541736766e+05 3.307592031390813645e+03
9.300000000000000711e+00 1.322090974856468674e+05 3.332764558723640221e+03
9.400000000000000355e+00 1.253420241654886777e+05 3.264613283400433374e+03
9.500000000000000000e+00 1.226025309005979361e+05 3.206694913105605792e+03
9.599999999999999645e+00 1.308152653264334658e+05 3.323368169449608104e+03
9.699999999999999289e+00 1.309188372790230933e+05 3.331510421621755086e+03
9.800000000000000711e+00 1.368560109468921437e+05 3.401377897965623561e+03
9.900000000000000355e+00 1.391760731726592057e+05 3.424322328884703438e+03
1.000000000000000000e+01 1.392113469842545455e+05 3.423032553383895447e+03
2.000000000000000000e+01 2.408214124655663327e+05 4.478724998674651943e+03
