#	ALL
1.000000000000000021e-02 6.543899999999999468e-05
1.000000000000000056e-01 1.871199999999999947e-02
2.000000000000000042e-02 3.125199999999999961e-04
2.000000000000000111e-01 1.129000000000000004e-01
2.999999999999999889e-02 9.509800000000000328e-04
2.999999999999999889e-01 2.370500000000000107e-01
4.000000000000000083e-02 1.711300000000000017e-03
4.000000000000000222e-01 3.662900000000000045e-01
5.000000000000000278e-02 3.090999999999999998e-03
5.000000000000000000e-01 5.064499999999999558e-01
5.999999999999999778e-02 5.338299999999999816e-03
5.999999999999999778e-01 6.595499999999999696e-01
7.000000000000000666e-02 8.010700000000000806e-03
6.999999999999999556e-01 7.738899999999999668e-01
8.000000000000000167e-02 1.104199999999999973e-02
8.000000000000000444e-01 7.943799999999999750e-01
8.999999999999999667e-02 1.488100000000000013e-02
9.000000000000000222e-01 8.925199999999999800e-01
1.000000000000000000e+00 8.941099999999999604e-01
1.100000000000000089e+00 9.421699999999999520e-01
1.199999999999999956e+00 1.097900000000000098e+00
1.300000000000000044e+00 1.129499999999999948e+00
1.399999999999999911e+00 1.115399999999999947e+00
1.500000000000000000e+00 1.140300000000000091e+00
1.600000000000000089e+00 1.226299999999999946e+00
1.699999999999999956e+00 1.260999999999999899e+00
1.800000000000000044e+00 1.304000000000000048e+00
1.899999999999999911e+00 1.465600000000000014e+00
2.000000000000000000e+00 1.500999999999999890e+00
2.100000000000000089e+00 1.528899999999999926e+00
2.200000000000000178e+00 1.570699999999999985e+00
2.299999999999999822e+00 1.576699999999999990e+00
2.399999999999999911e+00 1.638600000000000056e+00
2.500000000000000000e+00 1.625299999999999967e+00
2.600000000000000089e+00 1.698099999999999943e+00
2.700000000000000178e+00 1.732900000000000107e+00
2.799999999999999822e+00 1.747800000000000020e+00
2.899999999999999911e+00 1.804899999999999949e+00
3.000000000000000000e+00 1.917100000000000026e+00
3.100000000000000089e+00 1.966099999999999959e+00
3.200000000000000178e+00 2.018600000000000172e+00
3.299999999999999822e+00 2.128000000000000114e+00
3.399999999999999911e+00 2.148800000000000043e+00
3.500000000000000000e+00 2.181200000000000028e+00
3.600000000000000089e+00 2.229800000000000004e+00
3.700000000000000178e+00 2.274999999999999911e+00
3.799999999999999822e+00 2.320100000000000051e+00
3.899999999999999911e+00 2.409499999999999975e+00
4.000000000000000000e+00 2.580700000000000216e+00
4.099999999999999645e+00 2.544399999999999995e+00
4.200000000000000178e+00 2.613100000000000200e+00
4.299999999999999822e+00 2.627800000000000136e+00
4.400000000000000355e+00 2.717799999999999994e+00
4.500000000000000000e+00 2.787100000000000133e+00
4.599999999999999645e+00 2.864700000000000024e+00
4.700000000000000178e+00 2.898899999999999810e+00
4.799999999999999822e+00 2.971900000000000208e+00
4.900000000000000355e+00 3.114500000000000046e+00
5.000000000000000000e+00 3.216600000000000126e+00
5.099999999999999645e+00 3.246799999999999908e+00
5.200000000000000178e+00 3.238999999999999879e+00
5.299999999999999822e+00 3.285200000000000120e+00
5.400000000000000355e+00 3.341800000000000104e+00
5.500000000000000000e+00 3.396300000000000097e+00
5.599999999999999645e+00 3.504100000000000215e+00
5.700000000000000178e+00 3.477300000000000058e+00
5.799999999999999822e+00 3.580400000000000027e+00
5.900000000000000355e+00 3.554199999999999804e+00
6.000000000000000000e+00 3.634999999999999787e+00
6.099999999999999645e+00 3.789200000000000124e+00
6.200000000000000178e+00 3.845099999999999962e+00
6.299999999999999822e+00 3.907399999999999984e+00
6.400000000000000355e+00 4.058200000000000252e+00
6.500000000000000000e+00 4.118800000000000239e+00
6.599999999999999645e+00 4.038899999999999935e+00
6.700000000000000178e+00 4.177999999999999936e+00
6.799999999999999822e+00 4.249500000000000277e+00
6.900000000000000355e+00 4.475100000000000300e+00
7.000000000000000000e+00 4.396200000000000330e+00
7.099999999999999645e+00 4.478200000000000180e+00
7.200000000000000178e+00 4.584999999999999964e+00
7.299999999999999822e+00 4.644599999999999618e+00
7.400000000000000355e+00 4.549599999999999866e+00
7.500000000000000000e+00 4.700400000000000134e+00
7.599999999999999645e+00 4.786200000000000010e+00
7.700000000000000178e+00 4.754400000000000404e+00
7.799999999999999822e+00 4.876599999999999824e+00
7.900000000000000355e+00 4.823199999999999932e+00
8.000000000000000000e+00 5.029799999999999827e+00
8.099999999999999645e+00 5.069899999999999629e+00
8.199999999999999289e+00 5.107800000000000118e+00
8.300000000000000711e+00 5.194200000000000372e+00
8.400000000000000355e+00 5.185399999999999565e+00
8.500000000000000000e+00 5.306099999999999817e+00
8.599999999999999645e+00 5.204600000000000115e+00
8.699999999999999289e+00 5.596400000000000041e+00
8.800000000000000711e+00 5.503000000000000114e+00
8.900000000000000355e+00 5.475699999999999790e+00
9.099999999999999645e+00 5.664500000000000313e+00
9.199999999999999289e+00 5.614399999999999835e+00
9.300000000000000711e+00 5.893299999999999983e+00
9.400000000000000355e+00 5.825099999999999945e+00
9.500000000000000000e+00 6.175099999999999589e+00
9.599999999999999645e+00 5.863599999999999923e+00
9.699999999999999289e+00 5.927299999999999791e+00
9.800000000000000711e+00 6.054199999999999804e+00
9.900000000000000355e+00 6.160999999999999588e+00
1.000000000000000000e+01 6.221700000000000230e+00
2.000000000000000000e+01 1.334299999999999997e+01
3.000000000000000000e+01 1.996999999999999886e+01
